function [m_t0, m_p1, tb_1, Isp_1] = f_stage1()
    m_t0 = 110500; 
    m_p1 = 65000;  
    tb_1 = 121;    
    Isp_1 = 280;   
end